2.269322387040851458e-02 6.199672473880532198e+04
2.764906419176140287e-02 5.692527725635463139e+04
3.261541754637309332e-02 4.960747691004061198e+04
3.760769902844412343e-02 4.328542817924679548e+04
4.259701508149824067e-02 3.832304257847934059e+04
4.759024427106059441e-02 3.485547552018179704e+04
5.258618407251216403e-02 3.215858712060549806e+04
5.757438631956939001e-02 3.011787848431642124e+04
6.256790606751773398e-02 2.802110258262877323e+04
6.756117623520298265e-02 2.595896694408768235e+04
7.255641117029315579e-02 2.421990861358734401e+04
7.755432516336976945e-02 2.265236483905509886e+04
8.255189263842670211e-02 2.093601392424140795e+04
8.754687289715400167e-02 1.910807210653283255e+04
9.254539482164311770e-02 1.728131888860734762e+04
9.754577762109559180e-02 1.577111891843129888e+04
1.025416633143652889e-01 1.456089447648038913e+04
1.075387018570826136e-01 1.362372352069276349e+04
1.125375463326253322e-01 1.282441992251341617e+04
1.175350704289450238e-01 1.223926685020703371e+04
1.225351474157778814e-01 1.174189512916096282e+04
1.275305189336617684e-01 1.126718421094031328e+04
1.325263510169206738e-01 1.078302752182896438e+04
1.375282509564401401e-01 1.024666264175138713e+04
1.425291660598750343e-01 9.701413836252848341e+03
1.475307860077398614e-01 9.146666095851005593e+03
1.525293075038300916e-01 8.534030469155171886e+03
1.575259265390843710e-01 8.000671661444469464e+03
1.625249111703841176e-01 7.607097142930303562e+03
1.675231578218268902e-01 7.224334587775250839e+03
1.725218239391703712e-01 6.919988377427786872e+03
1.775226218842933523e-01 6.634825480560659344e+03
1.825220656595689106e-01 6.383752811444781400e+03
1.875214496148782661e-01 6.142454956805831898e+03
1.925210620332952483e-01 5.899923039478768260e+03
1.975186762926440243e-01 5.645826252172993009e+03
