2.269322387040851458e-02 2.226880921445597050e+04
2.764906419176140287e-02 2.075423658727104703e+04
3.261541754637309332e-02 1.958927473344646205e+04
3.760769902844412343e-02 1.772530377477739239e+04
4.259701508149824067e-02 1.557457646711978123e+04
4.759024427106059441e-02 1.430496452540932296e+04
5.258618407251216403e-02 1.309726932757652685e+04
5.757438631956939001e-02 1.197691238055111353e+04
6.256790606751773398e-02 1.090029431423651840e+04
6.756117623520298265e-02 1.016629327102702700e+04
7.255641117029315579e-02 9.492440989716104013e+03
7.755432516336976945e-02 8.812461787775717312e+03
8.255189263842670211e-02 8.193629123816646825e+03
8.754687289715400167e-02 7.612276007557440607e+03
9.254539482164311770e-02 7.067720811707112262e+03
9.754577762109559180e-02 6.589776527059771070e+03
1.025416633143652889e-01 5.968129263039344551e+03
1.075387018570826136e-01 5.403590366126225490e+03
1.125375463326253322e-01 5.017448845751065164e+03
1.175350704289450238e-01 4.739988089371953720e+03
1.225351474157778814e-01 4.331620052766523258e+03
1.275305189336617684e-01 3.970841693436483638e+03
1.325263510169206738e-01 3.754754449623147593e+03
1.375282509564401401e-01 3.582488742268616988e+03
1.425291660598750343e-01 3.378688321228062250e+03
1.475307860077398614e-01 3.221027525169045475e+03
1.525293075038300916e-01 2.994851452293037255e+03
1.575259265390843710e-01 2.760510034021146112e+03
1.625249111703841176e-01 2.581482595102823780e+03
1.675231578218268902e-01 2.418487648962184721e+03
1.725218239391703712e-01 2.269620105492175298e+03
1.775226218842933523e-01 2.128956449318474824e+03
1.825220656595689106e-01 1.948527979774534970e+03
1.875214496148782661e-01 1.788846496772441242e+03
1.925210620332952483e-01 1.651647279434527491e+03
1.975186762926440243e-01 1.512280585967583647e+03
