5.749821452000000374e-03 4.461284551208000630e+04
1.023557016999999958e-02 5.717348466648001340e+04
1.526210861999999918e-02 6.314866301248000673e+04
2.031268157999999852e-02 6.193722610127999360e+04
2.516689365999999831e-02 5.724073382128000958e+04
3.020485569000000078e-02 5.112840639208001085e+04
3.517139455999999942e-02 4.442825030767999851e+04
4.012841748999999847e-02 3.895804633127999841e+04
4.507161150999999810e-02 3.506571749128001102e+04
5.004095302000000078e-02 3.169681388048000008e+04
5.507534802999999868e-02 2.981652678487999947e+04
6.006979523000000043e-02 2.790478244888000336e+04
6.512571352000000313e-02 2.624519016408000243e+04
7.011276800000000586e-02 2.466670188047999545e+04
7.502157176000000260e-02 2.291991130368000813e+04
8.004289480000000012e-02 2.107005872327999168e+04
8.504872849000000290e-02 1.923191416327999832e+04
9.004322416000000440e-02 1.744804096807999667e+04
9.502533438000000665e-02 1.581205272847999731e+04
1.000098048000000045e-01 1.463194962768000369e+04
1.050414902000000039e-01 1.358138293688000158e+04
1.100224011999999946e-01 1.283611297127999751e+04
1.150261382999999971e-01 1.228256238128000223e+04
1.200170156999999932e-01 1.173860411207999823e+04
1.250220153999999917e-01 1.131519096447999982e+04
1.300299447999999913e-01 1.083865852167999765e+04
1.350222863999999967e-01 1.030725763368000116e+04
1.400573883000000019e-01 9.781128624479999417e+03
1.450259341000000035e-01 9.206669248479998714e+03
1.500208962000000035e-01 8.667369322360002116e+03
1.550252591999999874e-01 8.155560428799999499e+03
1.600350037999999919e-01 7.706451562999998714e+03
1.650518757999999975e-01 7.328843861199999083e+03
1.700369519000000107e-01 7.005256465560000834e+03
1.750324034999999889e-01 6.725942672759998459e+03
1.800327620000000128e-01 6.493151131720000194e+03
1.850402522000000050e-01 6.276647797319999881e+03
1.900268005000000093e-01 6.050767884640001284e+03
1.950021078999999991e-01 5.850004358599999250e+03
2.000175532000000034e-01 5.609681296120001207e+03
2.050254397999999867e-01 5.400434864279999601e+03
2.100192253000000009e-01 5.193771388679999291e+03
2.150235125999999941e-01 4.967979600439998649e+03
2.200168332000000115e-01 4.779050693879999017e+03
2.250158395000000089e-01 4.605110493840000345e+03
2.300283425000000104e-01 4.439067367520000516e+03
2.350266310999999941e-01 4.292528619319999052e+03
2.400277047999999913e-01 4.143993650559998969e+03
2.450343767000000006e-01 4.016109858839999561e+03
2.500284222999999972e-01 3.892887576440000430e+03
2.550135523000000015e-01 3.776892733319999479e+03
2.600104261999999777e-01 3.660846288320000895e+03
2.650264449999999994e-01 3.549202596639999683e+03
2.700239790999999778e-01 3.432303284239999357e+03
2.750214206000000106e-01 3.331979271719999360e+03
2.800271402000000243e-01 3.232829371559999800e+03
2.850330764999999822e-01 3.132806257599999753e+03
2.900181177000000221e-01 3.043872985879999305e+03
2.950002099999999849e-01 2.956618832599999678e+03
3.000130181999999812e-01 2.865697975200000201e+03
3.050127028999999879e-01 2.793188223799999832e+03
3.100223107999999783e-01 2.714110837719999836e+03
3.150107920999999922e-01 2.644567698199999995e+03
3.200085793999999928e-01 2.574605234319999909e+03
3.250245656999999899e-01 2.502076041000000714e+03
3.300110280999999923e-01 2.442874062479999793e+03
3.350135819000000237e-01 2.373996662960000322e+03
3.400110644000000071e-01 2.314384697879999749e+03
3.450110346999999966e-01 2.254416273479999290e+03
3.500163259999999887e-01 2.201408737960000508e+03
3.550142244000000225e-01 2.143888279519999742e+03
3.600207995999999966e-01 2.091877388159999555e+03
3.650118775000000260e-01 2.039508981800000583e+03
3.700131461999999760e-01 1.991311316720000150e+03
3.750178209999999734e-01 1.941135962159999963e+03
3.800033046999999886e-01 1.895836460199999919e+03
3.850156697000000072e-01 1.855366017520000241e+03
3.900278186999999730e-01 1.809007643919999509e+03
3.950099469000000196e-01 1.769826564039999994e+03
4.000034444000000189e-01 1.727553784239999686e+03
