5.749821452000000374e-03 3.228340584863999902e+04
1.023557016999999958e-02 2.343370196395999665e+04
1.526210861999999918e-02 2.997387388823999572e+04
2.031268157999999852e-02 2.768260753568000291e+04
2.516689365999999831e-02 2.578388181519999489e+04
3.020485569000000078e-02 2.412056101600000693e+04
3.517139455999999942e-02 1.976824829159999717e+04
4.012841748999999847e-02 1.671708616159999656e+04
4.507161150999999810e-02 1.544328822667999884e+04
5.004095302000000078e-02 1.349443659159999879e+04
5.507534802999999868e-02 1.256594449999999961e+04
6.006979523000000043e-02 1.170338950803999978e+04
6.512571352000000313e-02 1.132283632375999878e+04
7.011276800000000586e-02 1.007563311004000025e+04
7.502157176000000260e-02 9.340587337920000209e+03
8.004289480000000012e-02 8.324882503640001232e+03
8.504872849000000290e-02 7.812232993200000237e+03
9.004322416000000440e-02 7.158146031159999438e+03
9.502533438000000665e-02 6.184285393879999901e+03
1.000098048000000045e-01 5.925749198800000158e+03
1.050414902000000039e-01 5.506541968160000579e+03
1.100224011999999946e-01 5.109602408200000355e+03
1.150261382999999971e-01 4.748811644360000173e+03
1.200170156999999932e-01 4.383638942320000751e+03
1.250220153999999917e-01 4.224351200119999703e+03
1.300299447999999913e-01 3.786748948960000234e+03
1.350222863999999967e-01 3.544639091359999838e+03
1.400573883000000019e-01 3.389078593320000437e+03
1.450259341000000035e-01 3.134072814160000235e+03
1.500208962000000035e-01 2.952043557879999753e+03
1.550252591999999874e-01 2.847133203800000956e+03
1.600350037999999919e-01 2.605979821800000082e+03
1.650518757999999975e-01 2.463073821080000016e+03
1.700369519000000107e-01 2.234448248959999546e+03
1.750324034999999889e-01 2.144769788400000380e+03
1.800327620000000128e-01 1.972030657479999945e+03
1.850402522000000050e-01 1.902257063240000207e+03
1.900268005000000093e-01 1.733939584239999931e+03
1.950021078999999991e-01 1.592103591920000099e+03
2.000175532000000034e-01 1.467568251879999934e+03
2.050254397999999867e-01 1.389988516160000017e+03
2.100192253000000009e-01 1.306740710919999856e+03
2.150235125999999941e-01 1.245013763959999778e+03
2.200168332000000115e-01 1.155870771799999829e+03
2.250158395000000089e-01 1.088020342364000044e+03
2.300283425000000104e-01 1.032639218303999996e+03
2.350266310999999941e-01 9.420295993360000466e+02
2.400277047999999913e-01 8.731999478960001397e+02
2.450343767000000006e-01 8.106400524200003019e+02
2.500284222999999972e-01 7.368094130040001346e+02
2.550135523000000015e-01 6.626096434960001034e+02
2.600104261999999777e-01 6.096170699360000071e+02
2.650264449999999994e-01 5.632439189159999842e+02
2.700239790999999778e-01 5.163817950760000031e+02
2.750214206000000106e-01 4.640028273400000671e+02
2.800271402000000243e-01 4.220893325800000184e+02
2.850330764999999822e-01 3.840183018760000664e+02
2.900181177000000221e-01 3.474152344199999902e+02
2.950002099999999849e-01 3.166110701919999428e+02
3.000130181999999812e-01 2.732367337919999954e+02
3.050127028999999879e-01 2.375911963759999708e+02
3.100223107999999783e-01 1.990193997360000537e+02
3.150107920999999922e-01 1.733245956280000257e+02
3.200085793999999928e-01 1.480303986079999845e+02
3.250245656999999899e-01 1.112938169947999825e+02
3.300110280999999923e-01 7.556506919159998859e+01
3.350135819000000237e-01 5.562588673879997003e+01
3.400110644000000071e-01 3.535231786115997465e+01
3.450110346999999966e-01 1.236365589387997055e+01
3.500163259999999887e-01 -1.477341914916001286e+01
3.550142244000000225e-01 -3.187884722384000824e+01
3.600207995999999966e-01 -4.722947282560002691e+01
3.650118775000000260e-01 -7.684267543079999996e+01
3.700131461999999760e-01 -9.370996789320004439e+01
3.750178209999999734e-01 -1.094164268544000578e+02
3.800033046999999886e-01 -1.296206386663999979e+02
3.850156697000000072e-01 -1.374311498372000244e+02
3.900278186999999730e-01 -1.577772325160000264e+02
3.950099469000000196e-01 -1.768362181520000149e+02
4.000034444000000189e-01 -1.877581628080000655e+02
